<svg
  width="92"
  height="20"
  viewBox="0 0 92 20"
  xmlns="http://www.w3.org/2000/svg">
  <defs>
    <linearGradient
      id="a"
      x1="0"
      y1="0"
      x2="0"
      y2="1">
      <stop
        offset="0"
        stop-color="#bbbbbb"
        stop-opacity="0.1"/>
      <stop
        offset="1"
        stop-color="#000000"
        stop-opacity="0.1"/>
    </linearGradient>
  </defs>
  <path
    fill="#555555"
    stroke="none"
    d="M 3 0 L 89 0 C 90.65685424949 0 92 1.34314575051 92 3 L 92 17 C 92 18.65685424949 90.65685424949 20 89 20 L 3 20 C 1.34314575051 20 0 18.65685424949 0 17 L 0 3 C -0 1.34314575051 1.34314575051 0 3 0 Z"/>
  <path
    fill="#44cc11"
    stroke="none"
    d="M 56 0 L 89 0 C 90.65685424949 0 92 1.34314575051 92 3 L 92 17 C 92 18.65685424949 90.65685424949 20 89 20 L 56 20 C 54.34314575051 20 53 18.65685424949 53 17 L 53 3 C 53 1.34314575051 54.34314575051 0 56 0 Z"/>
  <path
    fill="#44cc11"
    stroke="none"
    d="M 53 0 L 66 0 L 66 20 L 53 20 Z"/>
  <path
    fill="url(#a)"
    stroke="none"
    d="M 3 0 L 89 0 C 90.65685424949 0 92 1.34314575051 92 3 L 92 17 C 92 18.65685424949 90.65685424949 20 89 20 L 3 20 C 1.34314575051 20 0 18.65685424949 0 17 L 0 3 C -0 1.34314575051 1.34314575051 0 3 0 Z"/>
  <path
    id="tBack"
    fill="#010101"
    fill-opacity="0.3"
    stroke="#010101"
    stroke-width="0.3"
    d="M 6.32763671875 8.984375 L 7.375 8.984375 L 9.2548828125 14.033203125 L 11.134765625 8.984375 L 12.18212890625 8.984375 L 9.92626953125 15 L 8.58349609375 15 L 6.32763671875 8.984375 Z M 18.69189453125 11.7451171875 L 18.69189453125 12.228515625 L 14.14794921875 12.228515625 C 14.19091796875 12.90885416667 14.39591471354 13.42716471354 14.76293945313 13.78344726563 C 15.12996419271 14.13972981771 15.64111328125 14.31787109375 16.29638671875 14.31787109375 C 16.67594401042 14.31787109375 17.04386393229 14.27132161458 17.40014648438 14.17822265625 C 17.75642903646 14.08512369792 18.11002604167 13.94547526042 18.4609375 13.75927734375 L 18.4609375 14.69384765625 C 18.1064453125 14.84423828125 17.74300130208 14.95882161458 17.37060546875 15.03759765625 C 16.99820963542 15.11637369792 16.62044270833 15.15576171875 16.2373046875 15.15576171875 C 15.27766927083 15.15576171875 14.51765950521 14.87646484375 13.95727539063 14.31787109375 C 13.39689127604 13.75927734375 13.11669921875 13.00374348958 13.11669921875 12.05126953125 C 13.11669921875 11.06656901042 13.38256835938 10.28507486979 13.91430664063 9.70678710938 C 14.44604492188 9.12849934896 15.1630859375 8.83935546875 16.0654296875 8.83935546875 C 16.87467447917 8.83935546875 17.51472981771 9.09985351563 17.98559570313 9.62084960938 C 18.45646158854 10.14184570313 18.69189453125 10.84993489583 18.69189453125 11.7451171875 Z M 17.70361328125 11.455078125 C 17.69645182292 10.91438802083 17.54516601563 10.48291015625 17.24975585938 10.16064453125 C 16.95434570313 9.83837890625 16.56315104167 9.67724609375 16.076171875 9.67724609375 C 15.52473958333 9.67724609375 15.08341471354 9.8330078125 14.75219726563 10.14453125 C 14.42097981771 10.4560546875 14.23030598958 10.89469401042 14.18017578125 11.46044921875 L 17.70361328125 11.455078125 Z M 23.7998046875 9.908203125 C 23.68880208333 9.84375 23.56795247396 9.79630533854 23.43725585938 9.76586914063 C 23.30655924479 9.73543294271 23.16243489583 9.72021484375 23.0048828125 9.72021484375 C 22.4462890625 9.72021484375 22.01749674479 9.90193684896 21.71850585938 10.26538085938 C 21.41951497396 10.62882486979 21.27001953125 11.15071614583 21.27001953125 11.8310546875 L 21.27001953125 15 L 20.2763671875 15 L 20.2763671875 8.984375 L 21.27001953125 8.984375 L 21.27001953125 9.9189453125 C 21.47770182292 9.5537109375 21.748046875 9.28247070313 22.0810546875 9.10522460938 C 22.4140625 8.92797851563 22.81868489583 8.83935546875 23.294921875 8.83935546875 C 23.36295572917 8.83935546875 23.43815104167 8.84383138021 23.5205078125 8.85278320313 C 23.60286458333 8.86173502604 23.69417317708 8.87516276042 23.79443359375 8.89306640625 L 23.7998046875 9.908203125 Z M 28.67138671875 9.16162109375 L 28.67138671875 10.09619140625 C 28.39208984375 9.95296223958 28.10205078125 9.84554036458 27.80126953125 9.77392578125 C 27.50048828125 9.70231119792 27.18896484375 9.66650390625 26.86669921875 9.66650390625 C 26.37613932292 9.66650390625 26.00821940104 9.74169921875 25.76293945313 9.89208984375 C 25.51765950521 10.04248046875 25.39501953125 10.26806640625 25.39501953125 10.56884765625 C 25.39501953125 10.79801432292 25.48274739583 10.97794596354 25.658203125 11.10864257813 C 25.83365885417 11.23933919271 26.18636067708 11.36376953125 26.71630859375 11.48193359375 L 27.0546875 11.55712890625 C 27.75651041667 11.70751953125 28.25512695313 11.91967773438 28.55053710938 12.19360351563 C 28.84594726563 12.46752929688 28.99365234375 12.84977213542 28.99365234375 13.34033203125 C 28.99365234375 13.89892578125 28.77254231771 14.34114583333 28.33032226563 14.6669921875 C 27.88810221354 14.99283854167 27.2802734375 15.15576171875 26.5068359375 15.15576171875 C 26.1845703125 15.15576171875 25.84887695313 15.12443033854 25.49975585938 15.06176757813 C 25.15063476563 14.99910481771 24.78271484375 14.90511067708 24.39599609375 14.77978515625 L 24.39599609375 13.75927734375 C 24.76123046875 13.94905598958 25.12109375 14.09138997396 25.4755859375 14.18627929688 C 25.830078125 14.28116861979 26.18098958333 14.32861328125 26.5283203125 14.32861328125 C 26.99381510417 14.32861328125 27.35188802083 14.24894205729 27.6025390625 14.08959960938 C 27.85319010417 13.93025716146 27.978515625 13.70556640625 27.978515625 13.41552734375 C 27.978515625 13.14697265625 27.88810221354 12.94108072917 27.70727539063 12.7978515625 C 27.52644856771 12.65462239583 27.1298828125 12.51676432292 26.517578125 12.38427734375 L 26.173828125 12.3037109375 C 25.5615234375 12.1748046875 25.11930338542 11.97696940104 24.84716796875 11.71020507813 C 24.57503255208 11.44344075521 24.43896484375 11.07731119792 24.43896484375 10.61181640625 C 24.43896484375 10.04606119792 24.63948567708 9.60921223958 25.04052734375 9.30126953125 C 25.44156901042 8.99332682292 26.01090494792 8.83935546875 26.74853515625 8.83935546875 C 27.11376953125 8.83935546875 27.45751953125 8.8662109375 27.77978515625 8.919921875 C 28.10205078125 8.9736328125 28.39925130208 9.05419921875 28.67138671875 9.16162109375 Z M 30.5673828125 8.984375 L 31.5556640625 8.984375 L 31.5556640625 15 L 30.5673828125 15 L 30.5673828125 8.984375 Z M 30.5673828125 6.642578125 L 31.5556640625 6.642578125 L 31.5556640625 7.89404296875 L 30.5673828125 7.89404296875 L 30.5673828125 6.642578125 Z M 35.95458984375 9.67724609375 C 35.42464192708 9.67724609375 35.00569661458 9.88403320313 34.69775390625 10.29760742188 C 34.38981119792 10.71118164063 34.23583984375 11.27783203125 34.23583984375 11.99755859375 C 34.23583984375 12.71728515625 34.38891601563 13.28393554688 34.69506835938 13.69750976563 C 35.00122070313 14.11108398438 35.42106119792 14.31787109375 35.95458984375 14.31787109375 C 36.48095703125 14.31787109375 36.89811197917 14.11018880208 37.2060546875 13.69482421875 C 37.51399739583 13.27945963542 37.66796875 12.71370442708 37.66796875 11.99755859375 C 37.66796875 11.28499348958 37.51399739583 10.72013346354 37.2060546875 10.30297851563 C 36.89811197917 9.88582356771 36.48095703125 9.67724609375 35.95458984375 9.67724609375 Z M 35.95458984375 8.83935546875 C 36.81396484375 8.83935546875 37.48893229167 9.11865234375 37.9794921875 9.67724609375 C 38.47005208333 10.23583984375 38.71533203125 11.00927734375 38.71533203125 11.99755859375 C 38.71533203125 12.98225911458 38.47005208333 13.75480143229 37.9794921875 14.31518554688 C 37.48893229167 14.87556966146 36.81396484375 15.15576171875 35.95458984375 15.15576171875 C 35.09163411458 15.15576171875 34.41577148438 14.87556966146 33.92700195313 14.31518554688 C 33.43823242188 13.75480143229 33.19384765625 12.98225911458 33.19384765625 11.99755859375 C 33.19384765625 11.00927734375 33.43823242188 10.23583984375 33.92700195313 9.67724609375 C 34.41577148438 9.11865234375 35.09163411458 8.83935546875 35.95458984375 8.83935546875 Z M 45.35400390625 11.369140625 L 45.35400390625 15 L 44.36572265625 15 L 44.36572265625 11.4013671875 C 44.36572265625 10.83203125 44.25472005208 10.40592447917 44.03271484375 10.123046875 C 43.81070963542 9.84016927083 43.47770182292 9.69873046875 43.03369140625 9.69873046875 C 42.50016276042 9.69873046875 42.07942708333 9.86881510417 41.771484375 10.208984375 C 41.46354166667 10.54915364583 41.3095703125 11.01285807292 41.3095703125 11.60009765625 L 41.3095703125 15 L 40.31591796875 15 L 40.31591796875 8.984375 L 41.3095703125 8.984375 L 41.3095703125 9.9189453125 C 41.5458984375 9.55729166667 41.82430013021 9.28694661458 42.14477539063 9.10791015625 C 42.46525065104 8.92887369792 42.8349609375 8.83935546875 43.25390625 8.83935546875 C 43.94498697917 8.83935546875 44.4677734375 9.05330403646 44.822265625 9.48120117188 C 45.1767578125 9.90909830729 45.35400390625 10.53841145833 45.35400390625 11.369140625 Z"/>
  <path
    id="tText"
    fill="#ffffff"
    stroke="#ffffff"
    stroke-width="0.3"
    d="M 6.32763671875 7.984375 L 7.375 7.984375 L 9.2548828125 13.033203125 L 11.134765625 7.984375 L 12.18212890625 7.984375 L 9.92626953125 14 L 8.58349609375 14 L 6.32763671875 7.984375 Z M 18.69189453125 10.7451171875 L 18.69189453125 11.228515625 L 14.14794921875 11.228515625 C 14.19091796875 11.90885416667 14.39591471354 12.42716471354 14.76293945313 12.78344726563 C 15.12996419271 13.13972981771 15.64111328125 13.31787109375 16.29638671875 13.31787109375 C 16.67594401042 13.31787109375 17.04386393229 13.27132161458 17.40014648438 13.17822265625 C 17.75642903646 13.08512369792 18.11002604167 12.94547526042 18.4609375 12.75927734375 L 18.4609375 13.69384765625 C 18.1064453125 13.84423828125 17.74300130208 13.95882161458 17.37060546875 14.03759765625 C 16.99820963542 14.11637369792 16.62044270833 14.15576171875 16.2373046875 14.15576171875 C 15.27766927083 14.15576171875 14.51765950521 13.87646484375 13.95727539063 13.31787109375 C 13.39689127604 12.75927734375 13.11669921875 12.00374348958 13.11669921875 11.05126953125 C 13.11669921875 10.06656901042 13.38256835938 9.28507486979 13.91430664063 8.70678710938 C 14.44604492188 8.12849934896 15.1630859375 7.83935546875 16.0654296875 7.83935546875 C 16.87467447917 7.83935546875 17.51472981771 8.09985351563 17.98559570313 8.62084960938 C 18.45646158854 9.14184570313 18.69189453125 9.84993489583 18.69189453125 10.7451171875 Z M 17.70361328125 10.455078125 C 17.69645182292 9.91438802083 17.54516601563 9.48291015625 17.24975585938 9.16064453125 C 16.95434570313 8.83837890625 16.56315104167 8.67724609375 16.076171875 8.67724609375 C 15.52473958333 8.67724609375 15.08341471354 8.8330078125 14.75219726563 9.14453125 C 14.42097981771 9.4560546875 14.23030598958 9.89469401042 14.18017578125 10.46044921875 L 17.70361328125 10.455078125 Z M 23.7998046875 8.908203125 C 23.68880208333 8.84375 23.56795247396 8.79630533854 23.43725585938 8.76586914063 C 23.30655924479 8.73543294271 23.16243489583 8.72021484375 23.0048828125 8.72021484375 C 22.4462890625 8.72021484375 22.01749674479 8.90193684896 21.71850585938 9.26538085938 C 21.41951497396 9.62882486979 21.27001953125 10.15071614583 21.27001953125 10.8310546875 L 21.27001953125 14 L 20.2763671875 14 L 20.2763671875 7.984375 L 21.27001953125 7.984375 L 21.27001953125 8.9189453125 C 21.47770182292 8.5537109375 21.748046875 8.28247070313 22.0810546875 8.10522460938 C 22.4140625 7.92797851563 22.81868489583 7.83935546875 23.294921875 7.83935546875 C 23.36295572917 7.83935546875 23.43815104167 7.84383138021 23.5205078125 7.85278320313 C 23.60286458333 7.86173502604 23.69417317708 7.87516276042 23.79443359375 7.89306640625 L 23.7998046875 8.908203125 Z M 28.67138671875 8.16162109375 L 28.67138671875 9.09619140625 C 28.39208984375 8.95296223958 28.10205078125 8.84554036458 27.80126953125 8.77392578125 C 27.50048828125 8.70231119792 27.18896484375 8.66650390625 26.86669921875 8.66650390625 C 26.37613932292 8.66650390625 26.00821940104 8.74169921875 25.76293945313 8.89208984375 C 25.51765950521 9.04248046875 25.39501953125 9.26806640625 25.39501953125 9.56884765625 C 25.39501953125 9.79801432292 25.48274739583 9.97794596354 25.658203125 10.10864257813 C 25.83365885417 10.23933919271 26.18636067708 10.36376953125 26.71630859375 10.48193359375 L 27.0546875 10.55712890625 C 27.75651041667 10.70751953125 28.25512695313 10.91967773438 28.55053710938 11.19360351563 C 28.84594726563 11.46752929688 28.99365234375 11.84977213542 28.99365234375 12.34033203125 C 28.99365234375 12.89892578125 28.77254231771 13.34114583333 28.33032226563 13.6669921875 C 27.88810221354 13.99283854167 27.2802734375 14.15576171875 26.5068359375 14.15576171875 C 26.1845703125 14.15576171875 25.84887695313 14.12443033854 25.49975585938 14.06176757813 C 25.15063476563 13.99910481771 24.78271484375 13.90511067708 24.39599609375 13.77978515625 L 24.39599609375 12.75927734375 C 24.76123046875 12.94905598958 25.12109375 13.09138997396 25.4755859375 13.18627929688 C 25.830078125 13.28116861979 26.18098958333 13.32861328125 26.5283203125 13.32861328125 C 26.99381510417 13.32861328125 27.35188802083 13.24894205729 27.6025390625 13.08959960938 C 27.85319010417 12.93025716146 27.978515625 12.70556640625 27.978515625 12.41552734375 C 27.978515625 12.14697265625 27.88810221354 11.94108072917 27.70727539063 11.7978515625 C 27.52644856771 11.65462239583 27.1298828125 11.51676432292 26.517578125 11.38427734375 L 26.173828125 11.3037109375 C 25.5615234375 11.1748046875 25.11930338542 10.97696940104 24.84716796875 10.71020507813 C 24.57503255208 10.44344075521 24.43896484375 10.07731119792 24.43896484375 9.61181640625 C 24.43896484375 9.04606119792 24.63948567708 8.60921223958 25.04052734375 8.30126953125 C 25.44156901042 7.99332682292 26.01090494792 7.83935546875 26.74853515625 7.83935546875 C 27.11376953125 7.83935546875 27.45751953125 7.8662109375 27.77978515625 7.919921875 C 28.10205078125 7.9736328125 28.39925130208 8.05419921875 28.67138671875 8.16162109375 Z M 30.5673828125 7.984375 L 31.5556640625 7.984375 L 31.5556640625 14 L 30.5673828125 14 L 30.5673828125 7.984375 Z M 30.5673828125 5.642578125 L 31.5556640625 5.642578125 L 31.5556640625 6.89404296875 L 30.5673828125 6.89404296875 L 30.5673828125 5.642578125 Z M 35.95458984375 8.67724609375 C 35.42464192708 8.67724609375 35.00569661458 8.88403320313 34.69775390625 9.29760742188 C 34.38981119792 9.71118164063 34.23583984375 10.27783203125 34.23583984375 10.99755859375 C 34.23583984375 11.71728515625 34.38891601563 12.28393554688 34.69506835938 12.69750976563 C 35.00122070313 13.11108398438 35.42106119792 13.31787109375 35.95458984375 13.31787109375 C 36.48095703125 13.31787109375 36.89811197917 13.11018880208 37.2060546875 12.69482421875 C 37.51399739583 12.27945963542 37.66796875 11.71370442708 37.66796875 10.99755859375 C 37.66796875 10.28499348958 37.51399739583 9.72013346354 37.2060546875 9.30297851563 C 36.89811197917 8.88582356771 36.48095703125 8.67724609375 35.95458984375 8.67724609375 Z M 35.95458984375 7.83935546875 C 36.81396484375 7.83935546875 37.48893229167 8.11865234375 37.9794921875 8.67724609375 C 38.47005208333 9.23583984375 38.71533203125 10.00927734375 38.71533203125 10.99755859375 C 38.71533203125 11.98225911458 38.47005208333 12.75480143229 37.9794921875 13.31518554688 C 37.48893229167 13.87556966146 36.81396484375 14.15576171875 35.95458984375 14.15576171875 C 35.09163411458 14.15576171875 34.41577148438 13.87556966146 33.92700195313 13.31518554688 C 33.43823242188 12.75480143229 33.19384765625 11.98225911458 33.19384765625 10.99755859375 C 33.19384765625 10.00927734375 33.43823242188 9.23583984375 33.92700195313 8.67724609375 C 34.41577148438 8.11865234375 35.09163411458 7.83935546875 35.95458984375 7.83935546875 Z M 45.35400390625 10.369140625 L 45.35400390625 14 L 44.36572265625 14 L 44.36572265625 10.4013671875 C 44.36572265625 9.83203125 44.25472005208 9.40592447917 44.03271484375 9.123046875 C 43.81070963542 8.84016927083 43.47770182292 8.69873046875 43.03369140625 8.69873046875 C 42.50016276042 8.69873046875 42.07942708333 8.86881510417 41.771484375 9.208984375 C 41.46354166667 9.54915364583 41.3095703125 10.01285807292 41.3095703125 10.60009765625 L 41.3095703125 14 L 40.31591796875 14 L 40.31591796875 7.984375 L 41.3095703125 7.984375 L 41.3095703125 8.9189453125 C 41.5458984375 8.55729166667 41.82430013021 8.28694661458 42.14477539063 8.10791015625 C 42.46525065104 7.92887369792 42.8349609375 7.83935546875 43.25390625 7.83935546875 C 43.94498697917 7.83935546875 44.4677734375 8.05330403646 44.822265625 8.48120117188 C 45.1767578125 8.90909830729 45.35400390625 9.53841145833 45.35400390625 10.369140625 Z"/>
  <path
    id="vBack"
    fill="#010101"
    fill-opacity="0.3"
    stroke="#010101"
    stroke-width="0.3"
    d="M 59.3642578125 14.0869140625 L 61.13671875 14.0869140625 L 61.13671875 7.96923828125 L 59.20849609375 8.35595703125 L 59.20849609375 7.36767578125 L 61.1259765625 6.98095703125 L 62.2109375 6.98095703125 L 62.2109375 14.0869140625 L 63.9833984375 14.0869140625 L 63.9833984375 15 L 59.3642578125 15 L 59.3642578125 14.0869140625 Z M 66.1748046875 13.6357421875 L 67.30810546875 13.6357421875 L 67.30810546875 15 L 66.1748046875 15 L 66.1748046875 13.6357421875 Z M 70.60595703125 14.0869140625 L 74.392578125 14.0869140625 L 74.392578125 15 L 69.30078125 15 L 69.30078125 14.0869140625 C 69.71256510417 13.66080729167 70.27384440104 13.08878580729 70.98461914063 12.37084960938 C 71.69539388021 11.65291341146 72.14208984375 11.19010416667 72.32470703125 10.982421875 C 72.67203776042 10.59212239583 72.91463216146 10.26180013021 73.05249023438 9.99145507813 C 73.19034830729 9.72111002604 73.25927734375 9.45524088542 73.25927734375 9.19384765625 C 73.25927734375 8.76774088542 73.10978190104 8.42041015625 72.81079101563 8.15185546875 C 72.51180013021 7.88330078125 72.12239583333 7.7490234375 71.642578125 7.7490234375 C 71.30240885417 7.7490234375 70.94344075521 7.80810546875 70.56567382813 7.92626953125 C 70.18790690104 8.04443359375 69.7841796875 8.22347005208 69.3544921875 8.46337890625 L 69.3544921875 7.36767578125 C 69.79134114583 7.19222005208 70.19954427083 7.05973307292 70.5791015625 6.97021484375 C 70.95865885417 6.88069661458 71.30598958333 6.8359375 71.62109375 6.8359375 C 72.45182291667 6.8359375 73.1142578125 7.04361979167 73.6083984375 7.458984375 C 74.1025390625 7.87434895833 74.349609375 8.42936197917 74.349609375 9.1240234375 C 74.349609375 9.45345052083 74.28784179688 9.76586914063 74.16430664063 10.06127929688 C 74.04077148438 10.35668945313 73.81608072917 10.70491536458 73.490234375 11.10595703125 C 73.40071614583 11.20979817708 73.11604817708 11.50968424479 72.63623046875 12.00561523438 C 72.15641276042 12.50154622396 71.47965494792 13.1953125 70.60595703125 14.0869140625 Z M 76.669921875 13.6357421875 L 77.80322265625 13.6357421875 L 77.80322265625 15 L 76.669921875 15 L 76.669921875 13.6357421875 Z M 82.48681640625 7.6953125 C 81.92822265625 7.6953125 81.50838216146 7.97013346354 81.22729492188 8.51977539063 C 80.94620768229 9.06941731771 80.8056640625 9.89567057292 80.8056640625 10.99853515625 C 80.8056640625 12.09781901042 80.94620768229 12.92228190104 81.22729492188 13.47192382813 C 81.50838216146 14.02156575521 81.92822265625 14.29638671875 82.48681640625 14.29638671875 C 83.04899088542 14.29638671875 83.47062174479 14.02156575521 83.75170898438 13.47192382813 C 84.03279622396 12.92228190104 84.17333984375 12.09781901042 84.17333984375 10.99853515625 C 84.17333984375 9.89567057292 84.03279622396 9.06941731771 83.75170898438 8.51977539063 C 83.47062174479 7.97013346354 83.04899088542 7.6953125 82.48681640625 7.6953125 Z M 82.48681640625 6.8359375 C 83.38557942708 6.8359375 84.07218424479 7.19132486979 84.54663085938 7.90209960938 C 85.02107747396 8.61287434896 85.25830078125 9.64501953125 85.25830078125 10.99853515625 C 85.25830078125 12.34847005208 85.02107747396 13.37882486979 84.54663085938 14.08959960938 C 84.07218424479 14.80037434896 83.38557942708 15.15576171875 82.48681640625 15.15576171875 C 81.58805338542 15.15576171875 80.90144856771 14.80037434896 80.42700195313 14.08959960938 C 79.95255533854 13.37882486979 79.71533203125 12.34847005208 79.71533203125 10.99853515625 C 79.71533203125 9.64501953125 79.95255533854 8.61287434896 80.42700195313 7.90209960938 C 80.90144856771 7.19132486979 81.58805338542 6.8359375 82.48681640625 6.8359375 Z"/>
  <path
    id="vText"
    fill="#ffffff"
    stroke="#ffffff"
    stroke-width="0.3"
    d="M 59.3642578125 13.0869140625 L 61.13671875 13.0869140625 L 61.13671875 6.96923828125 L 59.20849609375 7.35595703125 L 59.20849609375 6.36767578125 L 61.1259765625 5.98095703125 L 62.2109375 5.98095703125 L 62.2109375 13.0869140625 L 63.9833984375 13.0869140625 L 63.9833984375 14 L 59.3642578125 14 L 59.3642578125 13.0869140625 Z M 66.1748046875 12.6357421875 L 67.30810546875 12.6357421875 L 67.30810546875 14 L 66.1748046875 14 L 66.1748046875 12.6357421875 Z M 70.60595703125 13.0869140625 L 74.392578125 13.0869140625 L 74.392578125 14 L 69.30078125 14 L 69.30078125 13.0869140625 C 69.71256510417 12.66080729167 70.27384440104 12.08878580729 70.98461914063 11.37084960938 C 71.69539388021 10.65291341146 72.14208984375 10.19010416667 72.32470703125 9.982421875 C 72.67203776042 9.59212239583 72.91463216146 9.26180013021 73.05249023438 8.99145507813 C 73.19034830729 8.72111002604 73.25927734375 8.45524088542 73.25927734375 8.19384765625 C 73.25927734375 7.76774088542 73.10978190104 7.42041015625 72.81079101563 7.15185546875 C 72.51180013021 6.88330078125 72.12239583333 6.7490234375 71.642578125 6.7490234375 C 71.30240885417 6.7490234375 70.94344075521 6.80810546875 70.56567382813 6.92626953125 C 70.18790690104 7.04443359375 69.7841796875 7.22347005208 69.3544921875 7.46337890625 L 69.3544921875 6.36767578125 C 69.79134114583 6.19222005208 70.19954427083 6.05973307292 70.5791015625 5.97021484375 C 70.95865885417 5.88069661458 71.30598958333 5.8359375 71.62109375 5.8359375 C 72.45182291667 5.8359375 73.1142578125 6.04361979167 73.6083984375 6.458984375 C 74.1025390625 6.87434895833 74.349609375 7.42936197917 74.349609375 8.1240234375 C 74.349609375 8.45345052083 74.28784179688 8.76586914063 74.16430664063 9.06127929688 C 74.04077148438 9.35668945313 73.81608072917 9.70491536458 73.490234375 10.10595703125 C 73.40071614583 10.20979817708 73.11604817708 10.50968424479 72.63623046875 11.00561523438 C 72.15641276042 11.50154622396 71.47965494792 12.1953125 70.60595703125 13.0869140625 Z M 76.669921875 12.6357421875 L 77.80322265625 12.6357421875 L 77.80322265625 14 L 76.669921875 14 L 76.669921875 12.6357421875 Z M 82.48681640625 6.6953125 C 81.92822265625 6.6953125 81.50838216146 6.97013346354 81.22729492188 7.51977539063 C 80.94620768229 8.06941731771 80.8056640625 8.89567057292 80.8056640625 9.99853515625 C 80.8056640625 11.09781901042 80.94620768229 11.92228190104 81.22729492188 12.47192382813 C 81.50838216146 13.02156575521 81.92822265625 13.29638671875 82.48681640625 13.29638671875 C 83.04899088542 13.29638671875 83.47062174479 13.02156575521 83.75170898438 12.47192382813 C 84.03279622396 11.92228190104 84.17333984375 11.09781901042 84.17333984375 9.99853515625 C 84.17333984375 8.89567057292 84.03279622396 8.06941731771 83.75170898438 7.51977539063 C 83.47062174479 6.97013346354 83.04899088542 6.6953125 82.48681640625 6.6953125 Z M 82.48681640625 5.8359375 C 83.38557942708 5.8359375 84.07218424479 6.19132486979 84.54663085938 6.90209960938 C 85.02107747396 7.61287434896 85.25830078125 8.64501953125 85.25830078125 9.99853515625 C 85.25830078125 11.34847005208 85.02107747396 12.37882486979 84.54663085938 13.08959960938 C 84.07218424479 13.80037434896 83.38557942708 14.15576171875 82.48681640625 14.15576171875 C 81.58805338542 14.15576171875 80.90144856771 13.80037434896 80.42700195313 13.08959960938 C 79.95255533854 12.37882486979 79.71533203125 11.34847005208 79.71533203125 9.99853515625 C 79.71533203125 8.64501953125 79.95255533854 7.61287434896 80.42700195313 6.90209960938 C 80.90144856771 6.19132486979 81.58805338542 5.8359375 82.48681640625 5.8359375 Z"/>
</svg>
